0 0.0072 0.004
1 -0.0088 -0.6212
2 -0.034 -0.8192
3 -0.0422 -0.9444
4 -0.0332 -1.004
5 -0.0314 -1.03
6 -0.0174 -1.0588
7 0.0008 -1.1004
8 -0.0148 -1.1464
9 -0.0238 -1.1564
10 -0.0272 -1.184
11 -0.0128 -1.194
12 -0.0182 -1.2208
13 -0.012 -1.2072
14 0.004 -1.1928
15 -0.0028 -1.1852
16 -0.0034 -1.2232
17 -0.0022 -1.1816
18 -0.0062 -1.2036
19 -0.0046 -1.1856
20 -0.0142 -1.1976
21 -0.0128 -1.2264
22 -0.013 -1.2212
23 -0.0306 -1.2128
24 -0.0294 -1.248
25 -0.032 -1.248
26 -0.0262 -1.2452
27 -0.0204 -1.2436
28 -0.0156 -1.2644
29 -0.019 -1.2684
30 -0.0148 -1.2756
31 0.0016 -1.258
32 0.0208 -1.2916
33 0.0234 -1.2788
34 0.0324 -1.2752
35 0.0354 -1.2692
36 0.0368 -1.2764
37 0.0452 -1.2864
38 0.043 -1.2644
39 0.034 -1.2852
40 0.0404 -1.2788
41 0.0486 -1.318
42 0.0488 -1.2748
43 0.0608 -1.2936
44 0.051 -1.2728
45 0.0568 -1.2656
46 0.062 -1.2856
47 0.0678 -1.2984
48 0.0772 -1.28
49 0.0862 -1.3024
50 0.0792 -1.292
51 0.0788 -1.308
52 0.0872 -1.3172
53 0.0944 -1.2924
54 0.0884 -1.3112
55 0.1024 -1.2992
56 0.1106 -1.3
57 0.1036 -1.3268
58 0.1016 -1.316
59 0.0996 -1.306
60 0.1118 -1.3012
61 0.0968 -1.3044
62 0.0948 -1.284
63 0.1006 -1.3052
64 0.099 -1.3208
65 0.0958 -1.324
66 0.0824 -1.32
67 0.0946 -1.308
68 0.0954 -1.3104
69 0.0942 -1.3396
70 0.0872 -1.3112
71 0.0866 -1.326
72 0.0874 -1.3504
73 0.0764 -1.3116
74 0.0814 -1.3112
75 0.0802 -1.3416
76 0.0958 -1.3544
77 0.0912 -1.3396
78 0.084 -1.3328
79 0.084 -1.3408
80 0.0812 -1.3252
81 0.0754 -1.3124
82 0.0856 -1.3404
83 0.0928 -1.3372
84 0.1066 -1.3444
85 0.1052 -1.3236
86 0.0946 -1.3436
87 0.105 -1.3484
88 0.1152 -1.3524
89 0.1078 -1.3316
90 0.1144 -1.3364
91 0.1236 -1.3476
92 0.126 -1.3456
93 0.15 -1.3216
94 0.1418 -1.3252
95 0.1406 -1.3036
96 0.1478 -1.3216
97 0.1344 -1.3096
98 0.1504 -1.3432
99 0.1402 -1.332
100 0.144 -1.3292
101 0.138 -1.322
102 0.1392 -1.3448
103 0.1358 -1.3344
104 0.1348 -1.38
105 0.1334 -1.362
106 0.1386 -1.352
107 0.1418 -1.3572
108 0.161 -1.3552
109 0.1692 -1.338
110 0.1652 -1.3464
111 0.1826 -1.356
112 0.1854 -1.358
113 0.1844 -1.3592
114 0.1974 -1.3532
115 0.191 -1.3504
116 0.2008 -1.3528
117 0.2006 -1.3444
118 0.2126 -1.3456
119 0.22 -1.3512
120 0.2242 -1.3624
121 0.2068 -1.3424
122 0.2014 -1.3244
123 0.194 -1.3168
124 0.1828 -1.3212
125 0.1766 -1.3212
126 0.1766 -1.314
127 0.1726 -1.362
128 0.1788 -1.3408
129 0.1758 -1.366
130 0.1582 -1.3524
131 0.1564 -1.3596
132 0.1558 -1.3688
133 0.1596 -1.3524
134 0.1606 -1.3736
135 0.1484 -1.3472
136 0.154 -1.372
137 0.1614 -1.3988
138 0.1712 -1.3912
139 0.1696 -1.388
140 0.1628 -1.3804
141 0.1526 -1.3824
142 0.1424 -1.3792
143 0.1474 -1.3708
144 0.146 -1.3716
145 0.142 -1.3728
146 0.1368 -1.3676
147 0.1358 -1.3608
148 0.1268 -1.3536
149 0.12 -1.3608
150 0.132 -1.3708
151 0.1106 -1.3612
152 0.1144 -1.36
153 0.1254 -1.3664
154 0.1084 -1.3588
155 0.0924 -1.3692
156 0.0854 -1.3392
157 0.0886 -1.3504
158 0.0924 -1.3708
159 0.0878 -1.3708
160 0.0888 -1.3792
161 0.1044 -1.3504
162 0.0794 -1.3748
163 0.0842 -1.3724
164 0.098 -1.3764
165 0.103 -1.3684
166 0.105 -1.374
167 0.1004 -1.3736
168 0.094 -1.3716
169 0.1008 -1.3912
170 0.1184 -1.4004
171 0.111 -1.4032
172 0.1236 -1.4084
173 0.1142 -1.3832
174 0.103 -1.3688
175 0.0886 -1.3752
176 0.1046 -1.3676
177 0.1058 -1.3696
178 0.0994 -1.3704
179 0.0984 -1.4
180 0.112 -1.3876
181 0.0916 -1.3592
182 0.0808 -1.3608
183 0.0896 -1.3856
184 0.0906 -1.38
185 0.0928 -1.3704
186 0.1018 -1.3816
187 0.1066 -1.3976
188 0.109 -1.3976
189 0.1122 -1.386
190 0.111 -1.394
191 0.1128 -1.3704
192 0.1098 -1.3628
193 0.1142 -1.344
194 0.122 -1.3432
195 0.109 -1.3656
196 0.1088 -1.3688
197 0.1078 -1.3704
198 0.1132 -1.372
199 0.1032 -1.3652
200 0.1156 -1.3604
201 0.121 -1.3764
202 0.1308 -1.3636
203 0.1176 -1.386
204 0.112 -1.3728
205 0.1242 -1.3676
206 0.1176 -1.38
207 0.113 -1.3968
208 0.1042 -1.3772
209 0.1062 -1.3892
210 0.1212 -1.4132
211 0.1292 -1.412
212 0.1324 -1.4096
213 0.1388 -1.4004
214 0.1418 -1.4004
215 0.1444 -1.3972
216 0.1324 -1.3524
217 0.1406 -1.3544
218 0.125 -1.3404
219 0.1484 -1.3368
220 0.1402 -1.3516
221 0.1304 -1.3832
222 0.1268 -1.374
223 0.1306 -1.3884
224 0.1352 -1.3708
225 0.1384 -1.3852
226 0.1312 -1.3804
227 0.1274 -1.384
228 0.126 -1.396
229 0.1172 -1.3852
230 0.1352 -1.3684
231 0.1376 -1.3944
232 0.1364 -1.3832
