0 0.0072 0.004
1 -0.0066 -0.6792
2 -0.0318 -0.9108
3 -0.0546 -1.0616
4 -0.0466 -1.1456
5 -0.0586 -1.218
6 -0.058 -1.2468
7 -0.0514 -1.2944
8 -0.0452 -1.3432
9 -0.0466 -1.3512
10 -0.0228 -1.3852
11 -0.01 -1.4128
12 -0.0104 -1.4288
13 -0.008 -1.4368
14 -0.0028 -1.4564
15 -0.012 -1.4648
16 0 -1.4744
17 0.0042 -1.49
18 0.0094 -1.4976
19 0.0132 -1.5092
20 0.0112 -1.5344
21 0.0148 -1.5508
22 0.0116 -1.5588
23 0.0084 -1.5548
24 0.0132 -1.5668
25 0.0106 -1.5668
26 0.0042 -1.552
27 -0.0038 -1.5572
28 -0.0072 -1.5604
29 -0.0158 -1.5892
30 -0.0052 -1.5908
31 -0.0008 -1.5864
32 -0.005 -1.5968
33 -0.0082 -1.5936
34 0.0006 -1.5984
35 -0.007 -1.6124
36 -0.0116 -1.6216
37 -0.0114 -1.6104
38 -0.0162 -1.606
39 -0.0204 -1.628
40 -0.0268 -1.6368
41 -0.0326 -1.6348
42 -0.0422 -1.6268
43 -0.0374 -1.6264
44 -0.037 -1.6148
45 -0.0432 -1.6112
46 -0.0422 -1.612
47 -0.0466 -1.6308
48 -0.044 -1.6124
49 -0.0426 -1.6304
50 -0.0454 -1.6396
51 -0.0364 -1.654
52 -0.0402 -1.6216
53 -0.0384 -1.608
54 -0.0446 -1.6372
55 -0.054 -1.626
56 -0.057 -1.64
57 -0.0516 -1.6548
58 -0.0528 -1.6568
59 -0.052 -1.6468
60 -0.0584 -1.6568
61 -0.0546 -1.6536
62 -0.046 -1.6484
63 -0.0454 -1.6636
64 -0.0514 -1.6752
65 -0.0514 -1.6612
66 -0.0624 -1.6704
67 -0.0532 -1.6616
68 -0.0442 -1.6624
69 -0.0478 -1.6672
70 -0.0534 -1.6644
71 -0.0582 -1.674
72 -0.0544 -1.6884
73 -0.061 -1.67
74 -0.059 -1.6572
75 -0.057 -1.6732
76 -0.0616 -1.6716
77 -0.061 -1.6636
78 -0.0616 -1.6772
79 -0.0642 -1.6892
80 -0.0614 -1.6784
81 -0.0632 -1.67
82 -0.0552 -1.6788
83 -0.062 -1.6876
84 -0.057 -1.6912
85 -0.0504 -1.6904
86 -0.0612 -1.6824
87 -0.054 -1.6676
88 -0.0574 -1.6944
89 -0.0676 -1.6796
90 -0.0712 -1.6816
91 -0.0836 -1.6824
92 -0.0774 -1.6824
93 -0.0686 -1.6668
94 -0.0636 -1.6812
95 -0.0652 -1.6644
96 -0.074 -1.6804
97 -0.0782 -1.6812
98 -0.0702 -1.6732
99 -0.0658 -1.6716
100 -0.0744 -1.6804
101 -0.0724 -1.6784
102 -0.0804 -1.692
103 -0.0904 -1.6848
104 -0.0942 -1.6868
105 -0.089 -1.688
106 -0.09 -1.6948
107 -0.09 -1.6916
108 -0.0938 -1.7104
109 -0.0934 -1.7076
110 -0.0948 -1.7004
111 -0.0898 -1.6844
112 -0.082 -1.6848
113 -0.0888 -1.6908
114 -0.0882 -1.6848
115 -0.092 -1.6588
116 -0.0826 -1.6536
117 -0.0774 -1.6776
118 -0.083 -1.6772
119 -0.0876 -1.6776
120 -0.0856 -1.6988
121 -0.0858 -1.6892
122 -0.0764 -1.6852
123 -0.071 -1.6824
124 -0.0712 -1.6744
125 -0.074 -1.6788
126 -0.0708 -1.686
127 -0.0716 -1.7088
128 -0.0724 -1.6968
129 -0.064 -1.7036
130 -0.064 -1.7032
131 -0.0608 -1.7052
132 -0.0648 -1.7004
133 -0.0678 -1.6944
134 -0.0682 -1.6928
135 -0.071 -1.6956
136 -0.0756 -1.702
137 -0.07 -1.7216
138 -0.065 -1.7168
139 -0.055 -1.7144
140 -0.0618 -1.6988
141 -0.0594 -1.7012
142 -0.0596 -1.7016
143 -0.0624 -1.6872
144 -0.0534 -1.7032
145 -0.0506 -1.6964
146 -0.0438 -1.7228
147 -0.0478 -1.7076
148 -0.0474 -1.704
149 -0.0472 -1.7016
150 -0.0544 -1.6988
151 -0.068 -1.7004
152 -0.0702 -1.698
153 -0.0606 -1.7012
154 -0.0594 -1.7188
155 -0.0666 -1.7048
156 -0.0644 -1.6956
157 -0.0618 -1.6916
158 -0.059 -1.7024
159 -0.0632 -1.7012
160 -0.0548 -1.6964
161 -0.05 -1.6964
162 -0.0562 -1.7032
163 -0.0542 -1.7092
164 -0.0572 -1.7032
165 -0.0584 -1.6952
166 -0.0654 -1.7096
167 -0.066 -1.7164
168 -0.0626 -1.6964
169 -0.0684 -1.7112
170 -0.0658 -1.7124
171 -0.0666 -1.7188
172 -0.061 -1.7192
173 -0.0562 -1.6952
174 -0.0578 -1.7092
175 -0.0594 -1.706
176 -0.0594 -1.6828
177 -0.0696 -1.6716
178 -0.069 -1.6704
179 -0.0658 -1.6788
180 -0.0738 -1.6796
181 -0.0792 -1.6792
182 -0.0806 -1.68
183 -0.0898 -1.6884
184 -0.094 -1.6736
185 -0.094 -1.6824
186 -0.0906 -1.7024
187 -0.0928 -1.702
188 -0.0884 -1.7168
189 -0.0944 -1.7028
190 -0.1048 -1.6916
191 -0.1006 -1.6736
192 -0.0984 -1.6904
193 -0.1006 -1.6768
194 -0.1064 -1.6784
195 -0.1056 -1.7004
196 -0.1022 -1.7172
197 -0.1056 -1.7136
198 -0.1064 -1.7144
199 -0.1056 -1.7052
200 -0.108 -1.7044
201 -0.1142 -1.7152
202 -0.1164 -1.7172
203 -0.1136 -1.7144
204 -0.1108 -1.7108
205 -0.1094 -1.702
206 -0.1068 -1.712
207 -0.103 -1.7148
208 -0.0952 -1.7036
209 -0.086 -1.7088
210 -0.0848 -1.7384
211 -0.0848 -1.732
212 -0.0802 -1.7356
213 -0.0808 -1.7432
214 -0.091 -1.7276
215 -0.0908 -1.7244
216 -0.085 -1.714
217 -0.0958 -1.704
218 -0.0966 -1.7004
219 -0.099 -1.7188
220 -0.0968 -1.732
221 -0.1004 -1.7468
222 -0.102 -1.7364
223 -0.1088 -1.7496
224 -0.1062 -1.7428
225 -0.109 -1.7476
226 -0.1082 -1.7296
227 -0.1042 -1.734
228 -0.0996 -1.7172
229 -0.0974 -1.7192
230 -0.0906 -1.732
231 -0.0874 -1.7228
232 -0.0946 -1.7288
233 -0.09 -1.7308
234 -0.0904 -1.718
235 -0.0918 -1.7316
236 -0.091 -1.7064
237 -0.0946 -1.7104
238 -0.1056 -1.7088
239 -0.103 -1.7096
240 -0.0948 -1.722
241 -0.1062 -1.7252
242 -0.109 -1.7168
243 -0.1134 -1.706
244 -0.1164 -1.7136
245 -0.1094 -1.7348
246 -0.1136 -1.7304
247 -0.1176 -1.728
248 -0.121 -1.7184
249 -0.1124 -1.7072
250 -0.101 -1.7044
251 -0.1 -1.7264
252 -0.0968 -1.7196
253 -0.0998 -1.7232
254 -0.1032 -1.7384
255 -0.1148 -1.744
256 -0.1204 -1.736
257 -0.119 -1.7344
258 -0.1222 -1.7348
259 -0.1272 -1.718
260 -0.1374 -1.7352
261 -0.1366 -1.7412
262 -0.141 -1.7364
263 -0.1352 -1.7308
264 -0.1208 -1.7276
265 -0.1242 -1.7376
266 -0.124 -1.742
267 -0.129 -1.726
268 -0.1274 -1.718
269 -0.1298 -1.7184
270 -0.137 -1.7256
271 -0.1344 -1.7232
272 -0.1378 -1.7416
273 -0.1258 -1.7376
274 -0.1264 -1.716
275 -0.1252 -1.7256
276 -0.1322 -1.7236
277 -0.1338 -1.7248
278 -0.1346 -1.7252
279 -0.1406 -1.7292
280 -0.1398 -1.7372
281 -0.1372 -1.7316
282 -0.1264 -1.7396
283 -0.1358 -1.738
284 -0.1464 -1.7332
285 -0.155 -1.7544
286 -0.1496 -1.7468
287 -0.1568 -1.7416
288 -0.1642 -1.7252
289 -0.167 -1.7396
290 -0.1622 -1.7444
291 -0.1556 -1.742
292 -0.1522 -1.7356
293 -0.158 -1.7448
294 -0.1568 -1.7392
295 -0.1554 -1.7308
296 -0.1602 -1.7464
297 -0.1522 -1.73
298 -0.1574 -1.7388
299 -0.1578 -1.7412
300 -0.1474 -1.7536
301 -0.1582 -1.7408
302 -0.1546 -1.7256
303 -0.1456 -1.7296
304 -0.145 -1.7252
305 -0.1468 -1.7416
306 -0.1536 -1.7432
307 -0.1638 -1.7552
308 -0.162 -1.7628
309 -0.1644 -1.7524
310 -0.164 -1.7444
311 -0.1672 -1.7392
312 -0.1702 -1.7444
313 -0.1682 -1.7428
314 -0.1678 -1.7568
315 -0.1668 -1.746
316 -0.1646 -1.7364
317 -0.1616 -1.7236
318 -0.1698 -1.7388
319 -0.1612 -1.7404
320 -0.154 -1.7412
321 -0.1578 -1.7308
322 -0.1536 -1.7496
323 -0.1634 -1.744
324 -0.1632 -1.7456
325 -0.1602 -1.7296
326 -0.1626 -1.7048
327 -0.1568 -1.7156
328 -0.156 -1.714
329 -0.1606 -1.7212
330 -0.165 -1.7292
331 -0.1672 -1.75
332 -0.1718 -1.758
333 -0.1696 -1.7432
334 -0.171 -1.7412
335 -0.179 -1.7464
336 -0.1796 -1.7612
337 -0.178 -1.7612
338 -0.1818 -1.7656
339 -0.167 -1.7372
340 -0.1698 -1.7376
341 -0.163 -1.7344
342 -0.1684 -1.7372
343 -0.1718 -1.7572
344 -0.1712 -1.7544
345 -0.1704 -1.7468
346 -0.1674 -1.7108
347 -0.1674 -1.7224
348 -0.1692 -1.7312
349 -0.1588 -1.734
350 -0.1674 -1.7424
351 -0.1616 -1.7384
352 -0.1696 -1.7408
353 -0.1716 -1.754
354 -0.1702 -1.7444
355 -0.1706 -1.7456
356 -0.1794 -1.7492
357 -0.183 -1.7512
358 -0.1828 -1.748
359 -0.1806 -1.7428
360 -0.1736 -1.7356
361 -0.1708 -1.7396
362 -0.1692 -1.7352
363 -0.1762 -1.74
364 -0.1758 -1.7516
365 -0.1802 -1.7548
366 -0.1728 -1.7412
367 -0.174 -1.7428
368 -0.1768 -1.7396
369 -0.1782 -1.7456
370 -0.1684 -1.7532
371 -0.1644 -1.7468
372 -0.1616 -1.7472
373 -0.1674 -1.73
374 -0.1582 -1.7588
375 -0.1648 -1.75
376 -0.1616 -1.7452
377 -0.1604 -1.7496
378 -0.152 -1.7256
379 -0.16 -1.7432
380 -0.1646 -1.7384
381 -0.17 -1.7392
382 -0.1696 -1.7336
383 -0.165 -1.7356
384 -0.1682 -1.7388
385 -0.168 -1.7476
386 -0.174 -1.7468
387 -0.1744 -1.7544
388 -0.1718 -1.7516
389 -0.1816 -1.7448
390 -0.182 -1.7636
391 -0.172 -1.7528
392 -0.1718 -1.7536
393 -0.178 -1.748
394 -0.18 -1.752
395 -0.1762 -1.76
396 -0.1836 -1.7576
397 -0.1854 -1.7488
398 -0.1842 -1.7468
399 -0.1856 -1.748
400 -0.184 -1.7528
401 -0.184 -1.742
402 -0.1772 -1.7384
403 -0.1708 -1.7372
404 -0.1652 -1.7416
405 -0.1678 -1.7456
406 -0.1714 -1.756
407 -0.1752 -1.7524
408 -0.1704 -1.7512
409 -0.1646 -1.7324
410 -0.1684 -1.7408
411 -0.1672 -1.728
412 -0.173 -1.7476
413 -0.1716 -1.7496
414 -0.1662 -1.762
415 -0.1638 -1.784
416 -0.168 -1.7804
417 -0.162 -1.776
418 -0.153 -1.7672
419 -0.1508 -1.774
420 -0.149 -1.7572
421 -0.1596 -1.7612
422 -0.1744 -1.7652
423 -0.1772 -1.7684
424 -0.1718 -1.752
425 -0.1782 -1.744
426 -0.1768 -1.7476
427 -0.183 -1.744
428 -0.1784 -1.7428
429 -0.1798 -1.7352
430 -0.187 -1.7336
431 -0.188 -1.7348
432 -0.1882 -1.736
433 -0.1928 -1.7416
434 -0.1906 -1.7608
435 -0.1842 -1.7308
436 -0.184 -1.75
437 -0.1864 -1.7488
438 -0.1996 -1.75
439 -0.1954 -1.756
440 -0.196 -1.76
441 -0.1868 -1.7708
442 -0.1794 -1.766
443 -0.1806 -1.7556
444 -0.1838 -1.7528
445 -0.1838 -1.7644
446 -0.1878 -1.7776
447 -0.188 -1.7736
448 -0.188 -1.7748
449 -0.191 -1.7592
450 -0.192 -1.7576
451 -0.1936 -1.7532
452 -0.1916 -1.7572
453 -0.1846 -1.7496
454 -0.178 -1.7596
455 -0.1868 -1.756
456 -0.194 -1.764
457 -0.1952 -1.7648
458 -0.1986 -1.7652
459 -0.191 -1.7552
460 -0.1856 -1.7448
461 -0.188 -1.7376
462 -0.1988 -1.7456
463 -0.2062 -1.752
464 -0.2034 -1.7472
465 -0.204 -1.7648
466 -0.209 -1.7524
467 -0.2078 -1.7508
468 -0.206 -1.7448
469 -0.1964 -1.7308
470 -0.2068 -1.72
471 -0.206 -1.7608
472 -0.213 -1.7524
473 -0.2112 -1.7592
474 -0.2128 -1.76
475 -0.2208 -1.7828
476 -0.225 -1.7596
477 -0.2242 -1.7692
478 -0.225 -1.7624
479 -0.2186 -1.7692
480 -0.2178 -1.762
481 -0.2146 -1.7468
482 -0.2158 -1.7436
483 -0.2144 -1.7516
484 -0.2066 -1.7632
485 -0.2102 -1.7692
486 -0.2144 -1.7664
487 -0.2124 -1.7408
488 -0.213 -1.7476
489 -0.2124 -1.7548
490 -0.2138 -1.7636
491 -0.2112 -1.7484
492 -0.2152 -1.7492
493 -0.2114 -1.74
494 -0.2218 -1.7476
495 -0.213 -1.7524
496 -0.22 -1.75
497 -0.2216 -1.7364
498 -0.2176 -1.7392
499 -0.221 -1.7464
500 -0.2214 -1.76
501 -0.2238 -1.768
502 -0.228 -1.764
503 -0.227 -1.768
504 -0.2276 -1.7568
505 -0.233 -1.7616
506 -0.2278 -1.7404
507 -0.2414 -1.7696
508 -0.2326 -1.7488
509 -0.236 -1.738
510 -0.2392 -1.73
511 -0.2312 -1.736
512 -0.236 -1.7364
513 -0.2386 -1.7364
514 -0.2278 -1.7176
515 -0.23 -1.714
516 -0.241 -1.7388
517 -0.237 -1.7532
518 -0.2398 -1.7616
519 -0.24 -1.7716
520 -0.234 -1.762
521 -0.2318 -1.76
522 -0.2236 -1.744
523 -0.2196 -1.7508
524 -0.227 -1.7468
525 -0.2268 -1.7464
526 -0.2226 -1.726
527 -0.2212 -1.732
528 -0.2114 -1.7304
529 -0.2168 -1.7436
530 -0.2086 -1.7296
531 -0.2158 -1.7424
532 -0.2208 -1.7568
533 -0.2258 -1.7488
534 -0.2196 -1.7468
535 -0.219 -1.7548
536 -0.225 -1.7424
537 -0.2288 -1.75
538 -0.2298 -1.7564
539 -0.237 -1.7696
540 -0.229 -1.768
541 -0.2352 -1.7596
542 -0.2442 -1.77
543 -0.248 -1.7508
544 -0.2468 -1.7384
545 -0.2464 -1.7524
546 -0.243 -1.7336
547 -0.2468 -1.7632
548 -0.243 -1.7588
549 -0.2412 -1.7568
550 -0.2366 -1.7628
551 -0.2354 -1.7688
552 -0.2384 -1.7804
553 -0.2508 -1.788
554 -0.2586 -1.778
555 -0.2552 -1.7804
556 -0.2474 -1.7704
557 -0.2508 -1.7776
558 -0.2472 -1.77
559 -0.2502 -1.7664
560 -0.2482 -1.752
561 -0.2482 -1.7608
562 -0.2532 -1.768
563 -0.2524 -1.7736
564 -0.244 -1.7704
565 -0.2416 -1.7696
566 -0.2466 -1.7728
567 -0.2376 -1.7676
568 -0.2258 -1.752
569 -0.2282 -1.7684
570 -0.222 -1.7592
571 -0.2294 -1.7744
572 -0.2312 -1.772
573 -0.2282 -1.7764
574 -0.2326 -1.7712
575 -0.232 -1.7692
576 -0.2276 -1.7676
577 -0.2248 -1.7576
578 -0.2204 -1.7796
579 -0.2212 -1.7636
580 -0.2262 -1.7596
581 -0.2244 -1.764
582 -0.2338 -1.7536
583 -0.2378 -1.766
584 -0.2428 -1.756
585 -0.2452 -1.7668
586 -0.2496 -1.7564
587 -0.2442 -1.766
588 -0.2486 -1.7716
589 -0.2522 -1.7464
590 -0.25 -1.762
591 -0.2512 -1.7728
592 -0.2628 -1.768
593 -0.2666 -1.7712
594 -0.262 -1.756
595 -0.2666 -1.7556
596 -0.266 -1.7472
597 -0.2688 -1.7516
598 -0.275 -1.7364
599 -0.272 -1.7304
600 -0.2696 -1.752
601 -0.2662 -1.756
602 -0.2732 -1.778
603 -0.272 -1.7736
604 -0.2722 -1.76
605 -0.2774 -1.7544
606 -0.2692 -1.7576
607 -0.2678 -1.7612
608 -0.265 -1.7528
609 -0.2692 -1.7736
610 -0.2582 -1.7652
611 -0.2642 -1.7556
