0 0.141206 -1.3257
0.01 0.370412 -1.40968
0.02 0.485114 -1.45315
0.03 0.749576 -1.531
0.04 0.784796 -1.55292
0.05 0.82267 -1.60285
0.06 0.844452 -1.64306
0.07 0.825872 -1.6144
0.08 0.850088 -1.67142
0.09 0.818884 -1.62156
0.1 0.841446 -1.6593
0.11 0.87483 -1.73994
0.12 0.862928 -1.71771
0.13 0.86532 -1.73875
0.14 0.880004 -1.76406
0.15 0.882044 -1.78573
0.16 0.89323 -1.81411
0.17 0.89078 -1.83265
0.18 0.885048 -1.82217
0.19 0.886574 -1.82423
0.2 0.895394 -1.85816
0.19 0.903164 -1.87605
0.18 0.891364 -1.83281
0.17 0.883854 -1.81335
0.16 0.884406 -1.80325
0.15 0.879858 -1.78084
0.14 0.872974 -1.75306
0.13 0.863714 -1.7365
0.12 0.866154 -1.72449
0.11 0.852852 -1.71487
0.1 0.841788 -1.68123
0.09 0.841058 -1.65925
0.08 0.85184 -1.66745
0.07 0.841694 -1.64443
0.06 0.820626 -1.59825
0.05 0.792002 -1.57669
0.04 0.815094 -1.57212
0.03 0.807052 -1.5621
0.02 0.787906 -1.5274
0.01 0.676098 -1.42138
-3.1225e-17 0.67057 -1.40401
-0.01 0.493972 -1.38474
-0.02 0.36643 -1.36252
-0.03 -0.152308 -1.34229
-0.04 -0.693326 -1.50463
-0.05 -0.78949 -1.53615
-0.06 -0.834638 -1.62369
-0.07 -0.840198 -1.62833
-0.08 -0.834632 -1.61794
-0.09 -0.865254 -1.69888
-0.1 -0.849092 -1.67369
-0.11 -0.856156 -1.72022
-0.12 -0.852224 -1.70394
-0.13 -0.872178 -1.74181
-0.14 -0.855456 -1.73137
-0.15 -0.877736 -1.78858
-0.16 -0.889186 -1.80585
-0.17 -0.881334 -1.80106
-0.18 -0.895846 -1.84258
-0.19 -0.904136 -1.87614
-0.2 -0.899058 -1.87428
-0.19 -0.896256 -1.84748
-0.18 -0.892964 -1.83634
-0.17 -0.883046 -1.80926
-0.16 -0.885464 -1.80876
-0.15 -0.889102 -1.79249
-0.14 -0.881696 -1.77657
-0.13 -0.876974 -1.76455
-0.12 -0.868788 -1.73731
-0.11 -0.846564 -1.69893
-0.1 -0.87108 -1.71464
-0.09 -0.864024 -1.69703
-0.08 -0.863582 -1.68249
-0.07 -0.813504 -1.58789
-0.06 -0.855256 -1.65752
-0.05 -0.845012 -1.63566
-0.04 -0.801586 -1.55688
-0.03 -0.805904 -1.55504
-0.02 -0.776938 -1.52707
-0.01 -0.754182 -1.4984
3.1225e-17 -0.697706 -1.4606
0.01 -0.587776 -1.40955
0.02 -0.235474 -1.32465
0.03 0.21308 -1.38676
0.04 0.637722 -1.49747
0.05 0.720906 -1.52973
0.06 0.823266 -1.63012
0.07 0.815202 -1.61635
0.08 0.842294 -1.65414
0.09 0.840184 -1.65904
0.1 0.861734 -1.69002
0.11 0.853898 -1.69006
0.12 0.852034 -1.69567
0.13 0.876 -1.7546
0.14 0.86727 -1.74406
0.15 0.882446 -1.78007
0.16 0.874112 -1.78004
0.17 0.881578 -1.79908
0.18 0.890562 -1.83239
0.19 0.891542 -1.84082
