0 0.0072 0.004
1 -0.0102 -0.5532
2 -0.0284 -0.732
3 -0.0388 -0.7792
4 -0.0358 -0.8256
5 -0.0396 -0.8596
6 -0.0276 -0.856
7 -0.0198 -0.8732
8 -0.0112 -0.874
9 -0.0024 -0.8612
10 -0.0078 -0.9124
11 0.0106 -0.9252
12 0.0072 -0.9428
13 0.0358 -0.9088
14 0.0314 -0.9192
15 0.0482 -0.9208
16 0.0444 -0.9296
17 0.0384 -0.908
18 0.0528 -0.8944
19 0.048 -0.896
20 0.0558 -0.8916
21 0.0572 -0.9096
22 0.0668 -0.9164
23 0.086 -0.9092
24 0.1074 -0.9244
25 0.0988 -0.9604
26 0.0924 -0.92
27 0.0976 -0.9224
28 0.0982 -0.9252
29 0.1154 -0.9304
30 0.099 -0.9432
31 0.0886 -0.9276
32 0.1036 -0.9532
33 0.114 -0.962
34 0.107 -0.9528
35 0.1204 -0.9436
36 0.1042 -0.9384
37 0.1062 -0.9424
38 0.0934 -0.9612
39 0.0864 -0.9744
40 0.0826 -0.958
41 0.0942 -0.9528
42 0.0904 -0.9244
43 0.1036 -0.9336
44 0.0806 -0.926
45 0.0606 -0.9344
46 0.0624 -0.938
47 0.053 -0.9744
48 0.0538 -0.9432
49 0.0558 -0.9636
50 0.0556 -0.9588
51 0.059 -0.9544
52 0.055 -0.9824
53 0.0632 -0.9568
54 0.0734 -0.946
55 0.0848 -0.9464
56 0.0988 -0.952
57 0.0854 -0.9608
58 0.081 -0.9732
59 0.08 -0.9676
60 0.0856 -0.968
61 0.1032 -0.9464
62 0.1016 -0.9384
63 0.1064 -0.9688
64 0.1202 -0.9496
65 0.1318 -0.9588
66 0.1318 -0.9424
67 0.1276 -0.95
68 0.1194 -0.9788
69 0.1202 -0.9676
70 0.0976 -0.9636
71 0.1106 -0.9868
72 0.0996 -1.006
73 0.075 -0.9732
74 0.073 -0.9652
75 0.084 -0.9964
76 0.0612 -0.9952
77 0.0498 -0.972
78 0.027 -0.9864
79 0.0098 -1.0036
80 0.0342 -0.9928
81 0.0166 -0.9524
82 0.018 -0.9676
83 0.0026 -0.9832
84 -0.0004 -1.002
85 -0.0014 -0.9436
86 -0.0284 -0.9604
87 -0.0146 -0.9532
88 -0.0094 -0.9768
89 -0.0162 -0.976
90 -0.0206 -0.9484
91 -0.0142 -0.9428
92 -0.016 -0.9528
93 -0.0062 -0.9528
94 0.0012 -0.96
95 0.0098 -0.9352
96 0.0088 -0.9584
97 0.0132 -0.9536
98 0.0202 -0.964
99 0.011 -0.9444
100 0.0058 -0.9424
101 0.0196 -0.9316
102 0.0234 -0.942
103 0.0102 -0.9368
104 -0.0004 -0.9504
105 0.0142 -0.9688
106 0.0006 -0.9476
107 0.007 -0.9648
108 0.0264 -0.9712
109 0.0346 -0.9552
110 0.027 -0.956
111 0.0096 -0.9532
112 0.0228 -0.956
113 0.0238 -0.9304
114 -0.007 -0.9392
115 0.0032 -0.9124
116 -0.0168 -0.9248
117 -0.004 -0.9184
118 -0.0086 -0.9688
119 -0.0162 -0.976
120 -0.0392 -0.9588
121 -0.038 -0.9436
122 -0.0224 -0.944
123 -0.045 -0.9332
124 -0.0364 -0.9272
125 -0.0514 -0.9408
126 -0.068 -0.9284
127 -0.045 -0.948
128 -0.052 -0.9192
129 -0.0616 -0.9512
130 -0.075 -0.928
131 -0.0634 -0.9272
132 -0.045 -0.9036
133 -0.025 -0.912
134 -0.0258 -0.9356
135 -0.0178 -0.9136
136 0.01 -0.948
137 0.0096 -0.952
138 0.0096 -0.9564
139 0.0142 -0.9564
140 0.0116 -0.9604
141 0.025 -0.9552
142 0.0256 -0.936
143 0.007 -0.9356
144 -0.0088 -0.946
145 -0.0096 -0.932
146 -0.0224 -0.95
147 -0.0292 -0.946
148 -0.0262 -0.976
149 -0.0358 -0.976
150 -0.0138 -0.984
151 -0.0358 -1.0068
152 -0.0266 -1.0076
153 -0.0228 -0.97
154 -0.0352 -0.952
155 -0.0312 -0.96
156 -0.0462 -0.9424
157 -0.0344 -0.9484
158 -0.0288 -0.9608
159 -0.0222 -0.9468
160 -0.0066 -0.9592
161 -0.0168 -0.9756
162 -0.0264 -0.9936
163 -0.033 -0.982
164 -0.02 -0.9668
165 -0.0306 -0.9392
166 -0.0396 -0.9384
167 -0.0426 -0.958
168 -0.0286 -0.9428
169 -0.0384 -0.954
170 -0.0232 -0.962
171 -0.0286 -0.9512
172 -0.0314 -0.9596
173 -0.0326 -0.9408
174 -0.0346 -0.954
175 -0.0346 -0.9548
176 -0.0248 -0.9676
177 -0.0108 -0.948
178 -0.0068 -0.9356
179 -0.0148 -0.96
180 -0.0266 -0.9456
181 -0.008 -0.906
182 -0.002 -0.95
183 0.0122 -0.9524
184 0.0204 -0.956
185 0.022 -0.9352
186 0.016 -0.9316
187 -0.0062 -0.92
188 -0.0276 -0.9388
189 -0.0154 -0.9232
190 -0.0086 -0.924
191 -0.0212 -0.912
192 -0.0284 -0.9152
193 -0.0168 -0.9176
194 -0.0016 -0.942
195 -0.0296 -0.9588
196 -0.019 -0.9664
197 -0.0258 -0.9656
198 -0.0376 -0.9424
199 -0.0524 -0.9356
200 -0.0508 -0.9292
201 -0.0718 -0.9272
202 -0.0882 -0.9308
203 -0.073 -0.9496
204 -0.0704 -0.9284
205 -0.0686 -0.93
206 -0.0808 -0.9092
207 -0.0722 -0.9156
208 -0.0888 -0.9332
209 -0.0944 -0.9432
210 -0.0682 -0.9616
211 -0.0662 -0.9576
212 -0.0538 -0.9412
213 -0.0682 -0.9612
214 -0.0834 -0.9544
215 -0.0816 -0.954
216 -0.0788 -0.9448
217 -0.071 -0.9312
218 -0.0802 -0.936
219 -0.0922 -0.948
220 -0.0926 -0.9296
221 -0.0802 -0.9524
222 -0.045 -0.9508
223 -0.0626 -0.9484
224 -0.0594 -0.94
225 -0.0526 -0.9404
226 -0.0468 -0.934
227 -0.0238 -0.9304
228 -0.0294 -0.8856
229 -0.024 -0.9104
230 -0.0258 -0.8784
231 -0.0338 -0.8948
232 -0.0298 -0.9044
233 -0.0104 -0.912
234 0.004 -0.8972
235 -0.0074 -0.9324
236 -0.0108 -0.9224
237 -0.0108 -0.9352
238 -0.024 -0.9348
239 -0.0446 -0.938
240 -0.0354 -0.9396
241 -0.0232 -0.9316
242 -0.0014 -0.9268
243 -0.003 -0.9372
244 -0.0204 -0.9376
245 -0.0184 -0.9432
246 -0.0192 -0.9504
247 -0.018 -0.9452
248 -0.0318 -0.9604
249 -0.0156 -0.9572
250 0.0018 -0.9428
251 -0.006 -0.948
252 -0.0296 -0.958
253 -0.0172 -0.9352
254 -0.0158 -0.9296
255 -0.0036 -0.9668
256 -0.0064 -0.9424
257 0.0032 -0.9804
258 -0.001 -0.958
259 0.003 -0.9524
260 -0.0122 -0.942
261 -0.0054 -0.9476
262 -0.0086 -0.95
263 0.0052 -0.9504
264 -0.0024 -0.9588
265 0.0004 -0.9556
266 0.0056 -0.9736
267 -0.0112 -0.95
268 -0.0156 -0.9492
269 -0.031 -0.9228
270 -0.0288 -0.9312
271 -0.0266 -0.9504
272 -0.043 -0.952
273 -0.0452 -0.93
274 -0.0546 -0.9244
275 -0.0396 -0.946
276 -0.0594 -0.9356
277 -0.0586 -0.9696
278 -0.0372 -0.9652
279 -0.0336 -0.9676
280 -0.0448 -0.9752
281 -0.0442 -0.9692
282 -0.0532 -0.9528
283 -0.0578 -0.9488
284 -0.07 -0.9272
285 -0.0646 -0.9272
286 -0.0704 -0.9256
287 -0.0814 -0.9432
288 -0.0834 -0.946
289 -0.0794 -0.956
290 -0.07 -0.9772
291 -0.07 -0.962
292 -0.089 -0.9428
293 -0.0936 -0.9648
294 -0.1006 -0.9476
295 -0.0922 -0.9748
296 -0.0886 -0.9664
297 -0.0898 -0.934
298 -0.079 -0.9616
299 -0.0808 -0.976
300 -0.0732 -0.9716
301 -0.0824 -0.9584
302 -0.0796 -0.9584
303 -0.0556 -0.9576
304 -0.0522 -0.9392
305 -0.0696 -0.9752
306 -0.0678 -0.998
307 -0.058 -0.9548
308 -0.0582 -0.9548
309 -0.0434 -0.9476
310 -0.0594 -0.9632
311 -0.0664 -0.9404
312 -0.023 -0.9424
313 -0.033 -0.9592
314 -0.0504 -0.9556
315 -0.0676 -0.9384
316 -0.0784 -0.9148
317 -0.0774 -0.9276
318 -0.0676 -0.9268
319 -0.0774 -0.97
320 -0.0716 -0.9752
321 -0.06 -0.9708
322 -0.0678 -0.966
323 -0.0436 -0.9512
324 -0.0326 -0.9464
325 -0.014 -0.9404
326 -0.015 -0.9768
327 -0.007 -0.9748
328 -0.0036 -0.9672
329 -0.0086 -0.972
330 -0.0202 -0.94
331 -0.0112 -0.9704
332 0.0122 -0.938
333 0.019 -0.95
334 0.0274 -0.9536
335 0.0282 -0.9656
336 0.0172 -0.9676
337 0.0136 -0.9416
338 0.0066 -0.9452
339 0.004 -0.9248
340 0.0012 -0.9224
341 0.006 -0.934
342 -0.0148 -0.934
343 -0.0164 -0.9364
344 -0.0388 -0.9184
345 -0.0418 -0.9168
346 -0.0302 -0.9224
347 -0.0036 -0.946
348 -0.019 -0.966
349 -0.0176 -0.9928
350 -0.02 -0.9976
351 -0.0118 -0.9772
352 0.0034 -0.9744
353 0.018 -0.9616
354 0.011 -0.948
355 0.0046 -0.9544
356 -0.0074 -0.98
357 -0.013 -1.0012
358 -0.004 -1.0076
359 0.004 -0.9872
360 -0.004 -0.976
361 -0.0108 -0.9644
362 -0.007 -0.9752
363 -0.0074 -0.9448
364 -0.0214 -0.9392
365 -0.0068 -0.9796
366 -0.0226 -0.9544
367 -0.0348 -0.934
368 -0.0162 -0.948
369 -0.0092 -0.9324
370 -0.004 -0.9628
371 0.0122 -0.944
372 0.0166 -0.9388
373 0.0268 -0.946
374 0.0284 -0.9408
375 0.0298 -0.9532
376 0.0262 -0.9344
377 0.0472 -0.94
378 0.0536 -0.938
379 0.0346 -0.936
380 0.0394 -0.9472
381 0.06 -0.9532
382 0.0686 -0.9456
383 0.0666 -0.958
384 0.0674 -0.964
385 0.0674 -0.9524
386 0.0678 -0.974
387 0.075 -0.9672
388 0.074 -0.9596
389 0.067 -0.9292
390 0.0578 -0.9632
391 0.0274 -0.9436
392 0.0282 -0.9652
393 0.0242 -0.9732
394 0.0232 -0.9892
395 0.0272 -0.9984
396 0.0252 -0.9708
397 0.0364 -0.9612
398 0.03 -0.9664
399 0.0208 -0.9484
400 0.0252 -0.9728
401 0.042 -0.9536
402 0.0598 -0.9596
403 0.0514 -0.946
404 0.05 -0.9256
405 0.0514 -0.942
406 0.0482 -0.928
407 0.0556 -0.9148
408 0.0516 -0.9268
409 0.0292 -0.9332
410 0.0382 -0.9424
411 0.0434 -0.9496
412 0.0186 -0.946
413 0.0192 -0.9484
414 0.0144 -0.94
415 0.0332 -0.9704
416 0.022 -0.9572
417 0.02 -0.9728
418 0.0306 -0.95
419 0.021 -0.9748
420 0.0272 -0.974
421 0.0404 -0.9564
422 0.0438 -0.9776
423 0.0524 -0.9836
424 0.0844 -0.9828
425 0.0682 -0.9396
426 0.0692 -0.9556
427 0.0556 -0.9348
428 0.0522 -0.9272
429 0.0424 -0.9392
430 0.044 -0.9172
431 0.0484 -0.9648
432 0.0512 -0.9472
