0 -0.072902 -1.68366
0.01 -0.028606 -1.70735
0.02 0.138944 -1.7174
0.03 0.27048 -1.74521
0.04 0.522558 -1.80567
0.05 0.72804 -1.83071
0.06 0.878 -1.91321
0.07 0.95903 -1.933
0.08 0.971178 -1.97593
0.09 0.96401 -1.96126
0.1 0.961194 -1.96406
0.11 0.964562 -1.98496
0.12 0.970226 -2.01248
0.13 0.966996 -2.0079
0.14 0.969752 -2.0282
0.15 0.971286 -2.04198
0.16 0.97389 -2.06429
0.17 0.970028 -2.06171
0.18 0.972816 -2.07935
0.19 0.969124 -2.07547
0.2 0.965828 -2.07079
0.19 0.972334 -2.09149
0.18 0.968692 -2.06472
0.17 0.96853 -2.05793
0.16 0.970996 -2.05342
0.15 0.968108 -2.03422
0.14 0.965218 -2.01577
0.13 0.965248 -2.00995
0.12 0.967534 -2.00243
0.11 0.959728 -1.98152
0.1 0.963466 -1.97345
0.09 0.963992 -1.9613
0.08 0.965546 -1.95932
0.07 0.95665 -1.91995
0.06 0.961146 -1.92642
0.05 0.960528 -1.91685
0.04 0.95472 -1.88507
0.03 0.95278 -1.87548
0.02 0.95186 -1.86261
0.01 0.955798 -1.86479
-3.1225e-17 0.94571 -1.82826
-0.01 0.960988 -1.86183
-0.02 0.951904 -1.83057
-0.03 0.944546 -1.81081
-0.04 0.945662 -1.79648
-0.05 0.938902 -1.76708
-0.06 0.945984 -1.77695
-0.07 0.938242 -1.74999
-0.08 0.941894 -1.74582
-0.09 0.931348 -1.71965
-0.1 0.934368 -1.71254
-0.11 0.942138 -1.73297
-0.12 0.81765 -1.66236
-0.13 0.565194 -1.66593
-0.14 -0.08813 -1.70971
-0.15 -0.844486 -1.94577
-0.16 -0.965912 -2.03458
-0.17 -0.967128 -2.05078
-0.18 -0.973344 -2.07817
-0.19 -0.971528 -2.08385
-0.2 -0.969052 -2.08238
-0.19 -0.972254 -2.08608
-0.18 -0.965178 -2.0531
-0.17 -0.96639 -2.0492
-0.16 -0.971046 -2.05189
-0.15 -0.966446 -2.02807
-0.14 -0.969104 -2.02518
-0.13 -0.96734 -2.01235
-0.12 -0.969602 -2.01266
-0.11 -0.968996 -1.99655
-0.1 -0.961578 -1.96717
-0.09 -0.95999 -1.95417
-0.08 -0.96351 -1.95432
-0.07 -0.95259 -1.91327
-0.06 -0.964216 -1.93529
-0.05 -0.968396 -1.93641
-0.04 -0.957612 -1.89518
-0.03 -0.951464 -1.87214
-0.02 -0.96245 -1.88605
-0.01 -0.958604 -1.87629
3.1225e-17 -0.95372 -1.85083
0.01 -0.950624 -1.83431
0.02 -0.950266 -1.82311
0.03 -0.954366 -1.8255
0.04 -0.947678 -1.79848
0.05 -0.95493 -1.80295
0.06 -0.957654 -1.80401
0.07 -0.94098 -1.75266
0.08 -0.93749 -1.7508
0.09 -0.916652 -1.71515
0.1 -0.944204 -1.72726
0.11 -0.917286 -1.68957
0.12 -0.82621 -1.63663
0.13 -0.385716 -1.65413
0.14 0.312874 -1.77797
0.15 0.9265 -1.99326
0.16 0.969592 -2.05166
0.17 0.967018 -2.04669
0.18 0.966668 -2.0615
0.19 0.972132 -2.08198
