0 0.011946 -0.933616
0.01 0.075716 -0.960413
0.02 0.094556 -0.973523
0.03 0.164442 -0.951425
0.04 0.371252 -1.04659
0.05 0.335882 -1.03128
0.06 0.351996 -1.05572
0.07 0.440956 -1.11245
0.08 0.466376 -1.12459
0.09 0.481584 -1.09671
0.1 0.541364 -1.19691
0.11 0.566252 -1.21207
0.12 0.595244 -1.25092
0.13 0.617752 -1.27926
0.14 0.591112 -1.24274
0.15 0.632658 -1.29355
0.16 0.627114 -1.29886
0.17 0.676304 -1.38297
0.18 0.673456 -1.38581
0.19 0.704998 -1.41087
0.2 0.698734 -1.43671
0.19 0.703546 -1.44755
0.18 0.687596 -1.38144
0.17 0.663224 -1.3448
0.16 0.657748 -1.35209
0.15 0.631158 -1.31357
0.14 0.615428 -1.28577
0.13 0.602242 -1.26519
0.12 0.58508 -1.24357
0.11 0.536308 -1.17589
0.1 0.527742 -1.16613
0.09 0.474422 -1.1356
0.08 0.48337 -1.13164
0.07 0.443394 -1.11279
0.06 0.393724 -1.06942
0.05 0.342918 -1.01452
0.04 0.299406 -1.01093
0.03 0.218988 -0.991702
0.02 0.190186 -0.96722
0.01 0.131652 -0.965561
-3.1225e-17 -0.007366 -0.956612
-0.01 -0.049692 -0.930429
-0.02 -0.191444 -1.00798
-0.03 -0.198156 -0.987273
-0.04 -0.270352 -0.98197
-0.05 -0.349032 -1.01244
-0.06 -0.383964 -1.04731
-0.07 -0.441054 -1.07365
-0.08 -0.469974 -1.09019
-0.09 -0.524776 -1.17269
-0.1 -0.55955 -1.18385
-0.11 -0.566734 -1.23317
-0.12 -0.603102 -1.24087
-0.13 -0.587594 -1.25222
-0.14 -0.649816 -1.3137
-0.15 -0.631614 -1.29703
-0.16 -0.67549 -1.35967
-0.17 -0.67943 -1.36432
-0.18 -0.687412 -1.40302
-0.19 -0.688898 -1.40348
-0.2 -0.683788 -1.40414
-0.19 -0.657932 -1.37573
-0.18 -0.676164 -1.38133
-0.17 -0.674688 -1.373
-0.16 -0.635006 -1.32428
-0.15 -0.681312 -1.3772
-0.14 -0.623932 -1.28367
-0.13 -0.622842 -1.27157
-0.12 -0.591778 -1.25399
-0.11 -0.526892 -1.20643
-0.1 -0.540098 -1.18706
-0.09 -0.541288 -1.18683
-0.08 -0.523338 -1.18106
-0.07 -0.409964 -1.08181
-0.06 -0.361922 -1.07675
-0.05 -0.346306 -1.02554
-0.04 -0.271372 -0.971539
-0.03 -0.254354 -0.988015
-0.02 -0.162242 -0.961685
-0.01 -0.03361 -0.949064
3.1225e-17 -0.01806 -0.953716
0.01 -0.006042 -0.933344
0.02 0.16709 -0.93497
0.03 0.164974 -0.973893
0.04 0.289162 -1.01538
0.05 0.348468 -1.02684
0.06 0.380418 -1.0794
0.07 0.4207 -1.07856
0.08 0.454308 -1.08554
0.09 0.512368 -1.15555
0.1 0.54223 -1.17526
0.11 0.60049 -1.25315
0.12 0.61591 -1.26213
0.13 0.65199 -1.30799
0.14 0.609382 -1.26098
0.15 0.669138 -1.36597
0.16 0.661454 -1.35911
0.17 0.66761 -1.36663
0.18 0.667554 -1.38185
0.19 0.701672 -1.44004
