0 0.0072 0.0075
1 0.0148 0.0004
2 0.029 0
3 0.0248 0.0007
4 0.0422 0.0019
5 0.0494 0.097
6 0.0562 0.1105
7 0.0642 0.1269
8 0.0658 0.1305
9 0.0878 0.1744
10 0.0844 0.1677
11 0.085 0.1689
12 0.0854 0.1695
13 0.0836 0.1665
14 0.0896 0.1783
15 0.086 0.1704
16 0.0822 0.1626
17 0.0864 0.171
18 0.0936 0.1847
19 0.1024 0.2033
20 0.111 0.2204
21 0.1082 0.2139
22 0.1106 0.219
23 0.113 0.2242
24 0.115 0.2279
25 0.1152 0.228
26 0.1194 0.2363
27 0.119 0.2353
28 0.1218 0.2411
29 0.1198 0.2372
30 0.1184 0.2341
31 0.114 0.2256
32 0.12 0.2371
33 0.1216 0.2405
34 0.1212 0.2406
35 0.124 0.2459
36 0.122 0.2413
37 0.128 0.2532
38 0.1316 0.2602
39 0.13 0.257
40 0.1302 0.257
41 0.1302 0.258
42 0.1354 0.2679
43 0.1358 0.2684
44 0.1354 0.2676
45 0.1322 0.2616
46 0.1358 0.268
47 0.1378 0.2719
48 0.139 0.2743
49 0.1348 0.2661
50 0.1342 0.2648
51 0.1356 0.2674
52 0.1312 0.2581
53 0.1332 0.262
54 0.1382 0.2721
55 0.1396 0.2748
56 0.1366 0.2685
57 0.1418 0.2782
58 0.1406 0.2759
59 0.145 0.2841
60 0.1498 0.2936
61 0.1488 0.2916
62 0.1472 0.2887
63 0.1514 0.2976
64 0.1556 0.306
65 0.1548 0.3045
66 0.158 0.3109
67 0.1588 0.3124
68 0.1574 0.3094
69 0.1626 0.3199
70 0.157 0.3087
71 0.1612 0.3171
72 0.159 0.3131
73 0.159 0.313
74 0.1598 0.3148
75 0.1578 0.3099
76 0.1628 0.3193
77 0.1688 0.3308
78 0.1762 0.3453
79 0.18 0.3528
80 0.1796 0.3514
81 0.182 0.3562
82 0.1892 0.3705
83 0.1938 0.3795
84 0.198 0.388
85 0.1988 0.3898
86 0.203 0.3982
87 0.209 0.4101
88 0.206 0.404
89 0.206 0.404
90 0.2132 0.4182
91 0.2146 0.421
92 0.2144 0.4204
93 0.2134 0.4185
94 0.2106 0.4131
95 0.2114 0.4148
96 0.2118 0.4156
97 0.212 0.416
98 0.2172 0.4264
99 0.2142 0.4202
100 0.206 0.4038
101 0.206 0.4038
102 0.2122 0.416
103 0.212 0.4155
104 0.212 0.4156
105 0.2108 0.4131
106 0.2148 0.4211
107 0.2122 0.4157
108 0.2136 0.4183
109 0.2204 0.4321
110 0.2256 0.4425
111 0.2222 0.4355
112 0.2288 0.4488
113 0.229 0.4493
114 0.232 0.4552
